# 
# Name: Kevin Armenta 
# Date: ['Tue Apr 29 15:35:08 PDT 2014']
# Class: PHYS202-03
24.973 34.341 33.240 21.299 11.902
34.731 10.806 25.773 12.970 19.082
27.716 16.545 18.180 33.047 26.360
34.823 19.995 34.178 26.813 14.708
12.966 13.456 32.681 33.058 35.749
23.489 34.235 34.548 15.227 15.738
24.890 22.860 21.343 15.321 33.107
30.661 27.710 35.579 19.367 12.678
12.425 34.567 19.731 33.710 35.292
28.914 29.533 27.168 28.065 16.297
25.276 25.078 15.137 20.674 17.832
27.888 20.043 23.972 28.225 32.835
33.071 34.583 18.700 24.254 32.413
12.245 28.948 28.228 17.379 15.723
33.487 10.999 11.547 27.391 13.786
34.911 20.212 35.914 34.770 21.555
21.582 21.494 17.720 22.699 14.316
16.062 13.571 24.923 15.517 19.880
29.316 28.408 13.286 10.768 27.062
27.942 12.621 28.970 19.648 27.391
29.238 30.724 25.817 22.861 29.625
27.953 31.253 10.932 31.578 16.809
25.807 22.591 24.645 29.025 33.480
10.813 31.726 11.707 27.585 19.857
30.208 35.825 28.174 28.176 21.202
32.994 34.443 17.897 33.342 13.992
34.171 16.428 14.151 20.971 14.645
31.668 11.619 29.077 27.119 23.791
11.275 12.105 21.093 35.150 32.365
25.368 29.932 12.423 23.537 22.158
23.720 32.068 20.701 24.333 19.511
33.377 12.824 28.524 16.544 35.330
22.281 16.392 23.734 29.423 23.727
32.696 23.637 26.764 29.393 27.654
31.412 24.725 13.386 12.455 10.858
33.821 13.879 36.173 34.301 19.955
21.365 19.238 23.164 33.088 27.922
33.945 22.928 31.964 21.359 22.869
33.993 14.436 27.793 24.109 13.659
33.942 33.766 19.934 33.489 11.822
23.600 13.587 13.332 24.763 12.593
11.147 25.482 24.682 24.420 26.736
28.442 32.435 23.550 14.913 26.685
13.033 35.033 26.160 22.193 31.303
25.252 19.574 11.123 32.205 31.593
16.338 24.705 21.615 13.793 27.612
25.733 32.625 10.721 13.219 17.215
19.207 26.542 21.482 21.000 28.412
20.719 19.182 12.789 11.276 11.809
30.207 17.989 30.256 26.758 18.550
15.812 28.971 28.838 26.108 19.907
16.597 29.036 23.425 14.490 18.951
13.184 15.741 22.755 22.760 19.391
13.290 28.110 23.560 15.146 14.291
28.654 25.024 24.741 16.355 12.049
24.531 35.375 31.235 22.262 20.148
34.117 30.738 35.715 13.752 12.465
15.744 26.777 19.978 17.133 15.468
33.297 35.892 32.181 32.663 25.284
13.237 24.140 15.882 31.161 35.246
26.204 33.495 17.378 15.851 26.844
34.853 25.023 31.180 24.181 16.529
30.273 10.720 22.603 35.265 17.835
16.018 32.516 35.469 35.849 26.674
32.559 10.848 20.959 19.091 34.292
17.207 27.839 13.584 33.167 12.618
30.023 32.129 15.711 17.848 15.735
17.088 32.923 14.953 30.963 27.428
16.002 14.853 23.054 34.351 21.675
26.395 18.983 24.076 21.818 23.989
14.394 11.126 27.415 35.879 28.254
16.162 25.620 11.708 35.273 13.458
19.057 22.162 27.966 28.384 19.709
12.032 17.866 33.009 17.386 32.194
34.248 26.416 33.128 22.811 29.339
24.467 16.485 20.760 34.989 14.475
19.535 16.462 34.909 26.461 28.330
19.527 12.882 23.392 14.662 32.831
36.003 17.988 25.943 36.070 27.140
15.086 30.506 34.568 31.491 11.744
16.554 29.475 28.189 17.676 32.332
10.705 35.666 16.522 21.122 25.300
29.322 18.182 12.291 25.386 32.441
22.710 17.236 27.738 20.909 32.379
30.487 11.805 25.554 12.041 11.751
19.132 19.513 30.763 26.731 22.587
24.952 30.430 30.071 25.463 14.552
23.697 23.740 13.238 15.027 25.000
34.977 23.597 24.126 23.028 11.049
31.935 23.228 16.288 20.585 24.944
34.221 22.595 16.042 15.561 30.017
35.236 13.354 23.626 26.439 12.537
33.194 25.584 18.995 16.214 22.385
28.310 35.241 28.966 24.055 13.380
20.916 23.436 13.472 30.393 16.723
19.799 18.409 23.435 31.350 29.777
11.121 13.244 15.743 15.955 13.780
15.714 33.932 32.624 30.850 21.371
14.492 30.994 32.461 29.110 16.873
28.709 20.055 30.201 18.511 13.322
